# Blender v2.92.0 OBJ File: ''
# www.blender.org
mtllib amongus.mtl
o Epic
v -0.595836 -0.675728 5.816681
v -1.088754 -0.597537 5.544003
v -0.405351 -1.086917 5.591685
v 0.100113 -0.683681 5.901191
v -1.086587 -0.028002 5.707170
v -0.492209 -0.133754 5.981624
v 0.325482 -0.008410 6.042060
v -0.838912 -1.180915 5.161510
v -1.451385 0.253653 5.239457
v -1.646737 -0.125833 4.350823
v -1.405034 -0.680077 4.835243
v -1.113108 -1.211673 1.955354
v -1.186047 -0.816033 1.417943
v -0.223376 -1.155275 1.340527
v 0.087567 -1.448216 1.739587
v -0.741419 -1.481465 2.588420
v -0.320704 -1.547128 2.029504
v -1.626288 -0.795321 2.422557
v -1.671014 -0.425412 1.756667
v -1.831146 -0.187044 2.646612
v -1.774349 0.125350 1.740080
v -1.143243 -1.162181 3.902420
v -1.155475 -1.259477 2.863038
v -0.142995 -0.170888 0.887508
v 0.577947 -0.568363 0.961837
v -0.568558 -0.541578 0.933141
v -0.776565 -0.732260 1.127334
v -0.796386 -0.552787 0.264533
v -1.135359 -0.604136 0.112144
v -0.580885 -0.189137 0.166539
v -0.536756 0.123937 0.232308
v -1.651839 -0.385283 0.282737
v -1.752234 0.070252 0.149815
v -1.434113 -0.551900 0.173798
v -0.494098 -0.278650 0.709457
v -0.445308 0.120893 0.677683
v -0.823072 0.960594 5.473131
v -1.012125 1.065611 5.067385
v -0.694142 1.424796 4.373873
v -0.237466 1.023669 5.657901
v -0.170001 1.348243 5.210310
v -0.168759 1.532022 4.505371
v -0.914294 0.550860 5.708158
v -0.347700 0.410467 5.973415
v 0.132573 0.723732 5.870944
v -1.307172 0.699228 5.178607
v -0.616910 1.281326 1.665706
v -1.078935 0.800019 1.285057
v -1.270366 1.118323 2.052612
v -0.897910 1.363975 2.062508
v -1.457281 0.689690 1.654195
v -1.645492 0.734344 2.487605
v -1.808959 0.337514 2.688850
v -1.544788 0.739845 3.727621
v -0.940537 1.376024 3.568992
v -1.292802 1.135316 3.239993
v -0.278480 0.292542 0.887111
v -0.588037 0.578618 0.961973
v 0.203100 0.334831 0.918991
v -0.785229 0.738456 1.143770
v -1.044027 0.637911 0.204280
v -0.732562 0.412260 0.105779
v -1.500280 0.543330 0.289174
v -0.798006 -0.240394 0.008941
v -1.552762 -0.168005 0.004660
v -1.330668 0.438630 0.008506
v -0.493432 -1.259953 5.309704
v 0.112759 -1.307695 5.364931
v -1.128306 -1.034941 4.827476
v -1.251800 -1.020966 4.374411
v -0.833684 -1.368002 3.600089
v -0.379011 -1.575945 3.459442
v 0.000706 -1.604798 3.438597
v -1.000533 -1.674458 4.184742
v -0.774925 -1.699005 3.807232
v -0.252145 -2.000981 4.067585
v -0.124825 -1.858406 3.689322
v -0.732164 -1.818790 4.586908
v -0.179232 -1.945829 4.751417
v -0.580341 -1.644667 5.082560
v -1.001687 -1.527641 4.775070
v 0.117240 -1.702566 5.152945
v -0.972475 -1.392165 3.800815
v -0.568291 -1.593265 3.622134
v 0.182720 -1.683369 3.555315
v -0.472914 -1.377560 5.251306
v -0.897249 -1.236872 5.049465
v 0.028718 -1.432401 5.309582
v -1.156987 -1.364774 4.063394
v -1.219267 -1.316413 4.484462
v -1.212199 -1.200192 4.161265
v -1.208271 -1.129202 4.621398
v -1.097347 -1.163511 4.846212
v -0.103651 1.280510 1.513729
v -0.620230 2.558284 1.637812
v -0.988755 2.339808 1.784625
v -0.966731 2.564332 2.185912
v -0.498730 2.748431 2.177378
v -0.903943 2.619528 3.645598
v -0.512176 2.741499 3.873084
v -0.659273 2.528167 4.311058
v -0.987112 2.319571 4.166876
v -0.662392 2.115937 1.383809
v -0.516449 1.663028 1.404045
v 0.505138 1.683417 1.394832
v -0.977571 1.774908 1.605120
v -0.653322 2.276509 4.506824
v -0.678693 1.973908 4.565096
v -1.003780 1.945024 4.257593
v -1.153586 2.090333 3.776100
v -1.137876 2.126504 2.043878
v -0.985107 1.400173 2.514622
v 0.585839 -0.940686 5.660798
v 1.098877 -0.654435 5.472497
v 0.845414 -0.370199 5.814520
v 1.011593 0.136372 5.743705
v 1.402240 -0.130871 5.308588
v 1.395435 -0.725535 4.685824
v 1.624393 -0.160341 4.451033
v 1.185853 -0.812033 1.402529
v 1.146412 -1.197722 1.999147
v 0.575002 -1.373161 1.723211
v 0.595172 -1.535996 2.572804
v 1.552925 -0.596828 1.713279
v 1.771131 -0.453414 2.520823
v 1.776252 -0.122907 1.757673
v 1.603446 -0.789056 2.735701
v 1.831742 -0.018737 2.721945
v 1.166093 -1.255109 2.730226
v 0.220778 -0.132227 0.860765
v 0.786691 -0.735776 1.131341
v 1.036619 -0.655629 0.285673
v 0.760257 -0.484270 0.177702
v 0.581114 -0.188648 0.166323
v 0.536836 0.124698 0.232063
v 1.772162 0.115149 0.292605
v 1.666650 -0.370391 0.292368
v 1.432965 -0.551780 0.173131
v 0.454264 -0.151084 0.667566
v 1.020714 0.894365 5.384651
v 0.691488 1.150669 5.356143
v 1.269149 0.979979 4.495053
v 0.723785 1.417945 4.313996
v 0.514339 1.476460 4.457269
v 0.830013 0.642782 5.719134
v 1.428171 0.410801 5.205463
v 1.256762 1.179257 2.120665
v 1.078445 0.783954 1.256507
v 0.626905 1.285048 1.670778
v 0.900273 1.367710 2.071398
v 0.981879 1.399609 2.519503
v 1.319921 0.760219 1.553044
v 1.668396 0.437656 1.772112
v 1.645620 0.734003 2.493405
v 1.764199 0.455572 2.947036
v 0.933149 1.375215 3.638960
v 0.571395 0.544201 0.931690
v 0.783915 0.736509 1.138733
v 1.014434 0.645279 0.269928
v 0.715441 0.468882 0.258427
v 1.610844 0.405309 0.173925
v 0.492928 0.278079 0.711032
v 0.817871 -0.196366 0.006626
v 1.240925 -0.447576 0.008272
v 1.618169 -0.053371 0.024014
v 1.387681 0.547777 0.102612
v 0.748175 0.243811 0.036955
v 1.027969 0.427774 0.008112
v 0.649660 -1.221733 5.257177
v 1.195075 -1.015767 4.709896
v 1.168501 -1.130960 3.943036
v 0.951057 -1.606876 3.902885
v 0.390368 -1.858932 3.746236
v 1.075491 -1.591722 4.526709
v 0.583429 -1.934406 4.268404
v 0.602603 -1.726619 4.983122
v 1.090058 -1.309795 3.903342
v 0.975321 -1.356040 4.950966
v 1.177280 -1.246068 4.112556
v 1.111217 -1.168051 4.800159
v 0.819350 -1.475433 3.689993
v 0.394997 -1.564094 3.459296
v 0.864280 -1.349954 3.620433
v 0.693041 -1.319454 5.169859
v 0.922162 -1.124372 5.094020
v 1.254384 -1.121580 4.275391
v 1.211893 -1.155873 4.557258
v 0.619596 2.590616 1.684674
v 0.496402 2.755625 2.221300
v 0.942847 2.585213 2.195415
v 0.938810 2.598593 3.615698
v 0.490954 2.747105 3.692333
v 0.620262 2.560907 4.293293
v 0.973106 2.034630 1.565325
v 0.536000 2.165823 1.384089
v 0.910635 1.700281 1.584405
v 0.678181 2.257125 4.499310
v 0.722657 1.966005 4.539905
v 1.003485 1.951366 4.257253
v 1.133420 1.938749 3.677739
v 1.081722 2.314153 3.998877
v 1.051399 2.320263 1.867437
v 1.135159 1.933709 2.186129
v 0.452292 1.321674 1.559664
vt 0.192891 0.925288
vt 0.146356 0.912499
vt 0.210716 0.891068
vt 0.134519 0.959296
vt 0.222209 0.568906
vt 0.248886 0.612176
vt 0.211947 0.641958
vt 0.132862 0.568641
vt 0.147315 0.624772
vt 0.091797 0.660783
vt 0.071650 0.595471
vt 0.032076 0.671089
vt 0.032271 0.592999
vt 0.101745 0.864038
vt 0.044739 0.837653
vt 0.243600 0.756711
vt 0.210015 0.757931
vt 0.140259 0.702035
vt 0.229800 0.480058
vt 0.297415 0.512809
vt 0.189422 0.509961
vt 0.167442 0.537773
vt 0.196423 0.479670
vt 0.803543 0.840606
vt 0.732593 0.838906
vt 0.777345 0.778032
vt 0.738249 0.885086
vt 0.786174 0.873468
vt 0.801620 0.910090
vt 0.752461 0.940366
vt 0.868928 0.882401
vt 0.832146 0.940164
vt 0.770079 0.561756
vt 0.819274 0.518120
vt 0.828149 0.593204
vt 0.856896 0.551640
vt 0.870905 0.627846
vt 0.908171 0.645287
vt 0.937575 0.634262
vt 0.923636 0.804459
vt 0.870003 0.736179
vt 0.830908 0.693431
vt 0.792786 0.634258
vt 0.794543 0.719171
vt 0.745226 0.453099
vt 0.769916 0.473004
vt 0.699879 0.455018
vt 0.792226 0.499904
vt 0.759070 0.427701
vt 0.728382 0.428169
vt 0.156821 0.427762
vt 0.174602 0.437431
vt 0.148794 0.460276
vt 0.095212 0.462670
vt 0.073777 0.470962
vt 0.047950 0.457881
vt 0.070290 0.441652
vt 0.807584 0.406172
vt 0.863600 0.410159
vt 0.835480 0.425471
vt 0.780364 0.400308
vt 0.783700 0.382800
vt 0.913054 0.424544
vt 0.871357 0.436327
vt 0.908258 0.406213
vt 0.623827 0.106269
vt 0.633448 0.063453
vt 0.673197 0.066691
vt 0.915794 0.561993
vt 0.161419 0.858121
vt 0.137938 0.846038
vt 0.250656 0.931696
vt 0.272705 0.980727
vt 0.197542 0.974148
vt 0.122352 0.817439
vt 0.134846 0.779784
vt 0.668323 0.288526
vt 0.719759 0.307222
vt 0.658433 0.323745
vt 0.708321 0.244441
vt 0.737724 0.275674
vt 0.740075 0.224664
vt 0.699446 0.203092
vt 0.707408 0.175799
vt 0.742512 0.194827
vt 0.641064 0.169939
vt 0.764184 0.285971
vt 0.769942 0.246152
vt 0.751688 0.311682
vt 0.770206 0.217703
vt 0.781448 0.245733
vt 0.973968 0.552669
vt 0.965944 0.596202
vt 0.965630 0.552083
vt 0.971668 0.496410
vt 0.965372 0.490901
vt 0.971774 0.474836
vt 0.965679 0.291714
vt 0.965420 0.260813
vt 0.974802 0.277204
vt 0.966045 0.223623
vt 0.965402 0.196400
vt 0.974381 0.196400
vt 0.968046 0.523488
vt 0.976002 0.507453
vt 0.719791 0.546995
vt 0.310424 0.247760
vt 0.351672 0.152022
vt 0.355167 0.261270
vt 0.185586 0.283454
vt 0.136785 0.304118
vt 0.130560 0.264786
vt 0.169074 0.248973
vt 0.397715 0.262156
vt 0.350666 0.303536
vt 0.422934 0.287675
vt 0.362185 0.295101
vt 0.395510 0.162552
vt 0.437186 0.251481
vt 0.435844 0.162803
vt 0.185464 0.333282
vt 0.129149 0.339434
vt 0.284378 0.391720
vt 0.186324 0.392833
vt 0.309166 0.290105
vt 0.322852 0.331172
vt 0.359037 0.354583
vt 0.036669 0.222524
vt 0.078097 0.264240
vt 0.032448 0.273614
vt 0.292033 0.900055
vt 0.321089 0.944696
vt 0.340663 0.905841
vt 0.325333 0.859660
vt 0.392361 0.923399
vt 0.384120 0.850022
vt 0.437517 0.847638
vt 0.296034 0.610554
vt 0.355883 0.567182
vt 0.343105 0.627797
vt 0.291075 0.680422
vt 0.396197 0.593367
vt 0.445913 0.598643
vt 0.431832 0.663703
vt 0.390047 0.689701
vt 0.470586 0.680165
vt 0.354419 0.782831
vt 0.347831 0.691985
vt 0.262267 0.477529
vt 0.320830 0.538207
vt 0.286754 0.469307
vt 0.606269 0.796087
vt 0.672976 0.853260
vt 0.634459 0.869412
vt 0.657023 0.776780
vt 0.674856 0.781756
vt 0.733359 0.781011
vt 0.646469 0.905883
vt 0.707968 0.916119
vt 0.693263 0.968087
vt 0.581011 0.875911
vt 0.615718 0.939129
vt 0.558934 0.904377
vt 0.609560 0.599324
vt 0.617906 0.515589
vt 0.666131 0.562549
vt 0.551648 0.562384
vt 0.567613 0.628585
vt 0.533305 0.671978
vt 0.517537 0.819180
vt 0.645039 0.724685
vt 0.703657 0.427255
vt 0.666101 0.472059
vt 0.645705 0.499696
vt 0.671589 0.441336
vt 0.381306 0.445189
vt 0.337963 0.452235
vt 0.335215 0.428500
vt 0.314195 0.437798
vt 0.316800 0.414200
vt 0.416253 0.472432
vt 0.393504 0.463398
vt 0.433374 0.445925
vt 0.448273 0.469841
vt 0.600861 0.406765
vt 0.605671 0.429282
vt 0.575134 0.421311
vt 0.551204 0.427927
vt 0.524776 0.436201
vt 0.525364 0.410415
vt 0.528829 0.125811
vt 0.512629 0.100175
vt 0.560835 0.120048
vt 0.544903 0.060695
vt 0.579012 0.091532
vt 0.514980 0.072729
vt 0.359159 0.467508
vt 0.252426 0.859274
vt 0.297459 0.859794
vt 0.324584 0.766420
vt 0.609866 0.316992
vt 0.597308 0.270377
vt 0.556397 0.299800
vt 0.549334 0.246623
vt 0.659290 0.233020
vt 0.635535 0.193888
vt 0.593229 0.211335
vt 0.570640 0.328422
vt 0.541130 0.311266
vt 0.517634 0.281192
vt 0.550607 0.203385
vt 0.516110 0.241691
vt 0.966592 0.636454
vt 0.975892 0.638609
vt 0.966302 0.661500
vt 0.975493 0.594628
vt 0.975266 0.685751
vt 0.975909 0.713263
vt 0.965918 0.695123
vt 0.965429 0.871764
vt 0.970390 0.754290
vt 0.972596 0.888257
vt 0.972249 0.917661
vt 0.965722 0.952385
vt 0.965468 0.913609
vt 0.976001 0.836707
vt 0.305282 0.165662
vt 0.311700 0.125539
vt 0.187075 0.126373
vt 0.184126 0.165020
vt 0.152937 0.105229
vt 0.132779 0.151267
vt 0.103102 0.262892
vt 0.103283 0.147883
vt 0.179206 0.020630
vt 0.184113 0.068994
vt 0.129558 0.074182
vt 0.132600 0.031500
vt 0.307796 0.068062
vt 0.341538 0.106087
vt 0.360505 0.074681
vt 0.363280 0.041012
vt 0.280180 0.020063
vt 0.324654 0.017194
vt 0.470338 0.227658
vt 0.467479 0.164608
vt 0.078809 0.145590
vt 0.034147 0.158390
vt 0.030877 0.135411
vt 0.695800 0.551200
vt 0.077532 0.921008
vt 0.183940 0.681568
vt 0.770093 0.971507
vt 0.211521 0.458870
vt 0.832728 0.858754
vt 0.787277 0.596283
vt 0.122248 0.454282
vt 0.792800 0.376000
vt 0.665888 0.120649
vt 0.692369 0.087502
vt 0.191624 0.431769
vt 0.165270 0.765348
vt 0.202484 0.859447
vt 0.776123 0.281505
vt 0.707305 0.329959
vt 0.628050 0.339822
vt 0.975698 0.244521
vt 0.972505 0.367835
vt 0.966050 0.444114
vt 0.079798 0.296442
vt 0.123042 0.294404
vt 0.134729 0.389719
vt 0.326913 0.395380
vt 0.470866 0.266619
vt 0.355985 0.402452
vt 0.347416 0.968129
vt 0.511347 0.563663
vt 0.500142 0.646881
vt 0.651265 0.596458
vt 0.644333 0.633599
vt 0.595601 0.544636
vt 0.631690 0.419452
vt 0.631492 0.392227
vt 0.682873 0.417866
vt 0.657480 0.400329
vt 0.654200 0.382900
vt 0.297176 0.432069
vt 0.355043 0.838709
vt 0.576803 0.181338
vt 0.278172 0.758110
vt 0.402202 0.124094
vt 0.431917 0.125619
vt 0.526625 0.211337
vt 0.975152 0.966623
vt 0.965402 0.980300
vt 0.080164 0.116826
vt 0.123308 0.118871
vt 0.472865 0.149402
vt 0.355782 0.010279
vn -0.4623 -0.5823 0.6688
vn -0.4588 -0.5825 0.6710
vn -0.4666 -0.5740 0.6729
vn -0.4967 -0.2402 0.8340
vn -0.4944 -0.2301 0.8382
vn -0.5029 -0.2348 0.8318
vn -0.1519 -0.8509 -0.5029
vn -0.1541 -0.8496 -0.5044
vn -0.1522 -0.8487 -0.5065
vn -0.7612 -0.5857 -0.2785
vn -0.7593 -0.5632 -0.3260
vn -0.7520 -0.5751 -0.3221
vn -0.9536 -0.2871 -0.0905
vn -0.9541 -0.2818 -0.1015
vn -0.9520 -0.2905 -0.0968
vn -0.9736 -0.1877 -0.1301
vn -0.9727 -0.1978 -0.1213
vn -0.9754 -0.1836 -0.1222
vn -0.9447 -0.3146 0.0929
vn -0.9395 -0.3274 0.1012
vn -0.9409 -0.3192 0.1135
vn -0.9286 -0.3518 0.1181
vn -0.9285 -0.3556 0.1073
vn -0.9277 -0.3555 0.1137
vn -0.0770 -0.9968 -0.0224
vn -0.0776 -0.9967 -0.0234
vn -0.0768 -0.9968 -0.0234
vn -0.6668 -0.7418 -0.0713
vn -0.6652 -0.7435 -0.0692
vn -0.6665 -0.7423 -0.0698
vn 0.0267 -0.1724 -0.9847
vn 0.0156 -0.1454 -0.9892
vn 0.0301 -0.1395 -0.9898
vn 0.0074 -0.5456 -0.8380
vn 0.0191 -0.5510 -0.8343
vn 0.0031 -0.5523 -0.8336
vn -0.2984 -0.7523 -0.5874
vn -0.3148 -0.7077 -0.6325
vn -0.2836 -0.7149 -0.6392
vn 0.4782 -0.6521 -0.5882
vn 0.5042 -0.6174 -0.6039
vn 0.4941 -0.6443 -0.5837
vn -0.3413 0.8917 0.2972
vn -0.3505 0.8876 0.2990
vn -0.3486 0.8874 0.3016
vn -0.2572 0.8017 0.5395
vn -0.2588 0.7980 0.5443
vn -0.2524 0.8027 0.5403
vn -0.2708 0.4789 0.8351
vn -0.2727 0.4787 0.8345
vn -0.2740 0.4755 0.8360
vn -0.7053 0.2088 0.6775
vn -0.7060 0.2093 0.6766
vn -0.7090 0.2041 0.6750
vn -0.4550 0.7776 -0.4339
vn -0.4436 0.7911 -0.4212
vn -0.4422 0.7776 -0.4471
vn -0.8136 0.5404 -0.2146
vn -0.8079 0.5508 -0.2095
vn -0.8001 0.5557 -0.2259
vn -0.9937 0.0314 0.1073
vn -0.9936 0.0364 0.1068
vn -0.9946 0.0334 0.0986
vn -0.8048 0.5902 0.0627
vn -0.8051 0.5898 0.0626
vn -0.5912 0.8053 0.0442
vn -0.5906 0.8058 0.0435
vn -0.5911 0.8054 0.0431
vn 0.0632 0.3047 -0.9503
vn 0.0419 0.2897 -0.9562
vn 0.0359 0.2914 -0.9559
vn -0.1806 0.7075 -0.6832
vn -0.2149 0.7207 -0.6591
vn -0.1581 0.7116 -0.6845
vn 0.6812 0.1983 -0.7047
vn 0.6866 0.1750 -0.7056
vn 0.6694 0.2093 -0.7128
vn 0.5813 -0.5155 -0.6296
vn 0.5783 -0.5152 -0.6325
vn 0.5805 -0.5127 -0.6325
vn -0.6178 -0.3413 -0.7084
vn -0.6169 -0.3413 -0.7092
vn -0.6167 -0.3430 -0.7085
vn -0.8071 -0.4286 -0.4061
vn -0.8072 -0.4284 -0.4061
vn -0.8078 -0.4268 -0.4065
vn 0.1549 0.5689 -0.8077
vn 0.1564 0.5685 -0.8077
vn 0.1570 0.5664 -0.8091
vn 0.6187 0.0770 -0.7819
vn 0.6167 0.0766 -0.7834
vn 0.6187 0.0782 -0.7818
vn -0.6411 0.5090 -0.5744
vn -0.6387 0.5099 -0.5762
vn -0.6391 0.5081 -0.5773
vn -0.4399 0.1675 -0.8823
vn -0.4416 0.1673 -0.8815
vn 0.1647 0.1286 -0.9779
vn 0.5681 -0.8032 -0.1792
vn 0.5641 -0.8050 -0.1837
vn 0.5688 -0.8018 -0.1832
vn 0.1357 0.9805 -0.1422
vn 0.1369 0.9804 -0.1414
vn 0.1392 0.9797 -0.1440
vn -0.8730 0.4872 -0.0249
vn -0.8732 0.4868 -0.0247
vn -0.8732 0.4867 -0.0241
vn -0.4861 -0.6156 0.6203
vn -0.4813 -0.6185 0.6211
vn -0.4838 -0.6126 0.6250
vn -0.7296 -0.5658 0.3840
vn -0.7290 -0.5632 0.3890
vn -0.7378 -0.5575 0.3807
vn -0.0746 -0.2235 0.9718
vn -0.0758 -0.2230 0.9719
vn -0.0761 -0.2239 0.9716
vn -0.0757 -0.2237 0.9717
vn -0.7708 -0.6052 0.1989
vn -0.7739 -0.6046 0.1883
vn -0.7694 -0.6103 0.1885
vn -0.9618 -0.2250 -0.1559
vn -0.9677 -0.2150 -0.1318
vn -0.9625 -0.2212 -0.1568
vn -0.2882 -0.8595 -0.4222
vn -0.2858 -0.8610 -0.4208
vn -0.2873 -0.8604 -0.4210
vn -0.4067 -0.9118 -0.0564
vn -0.4062 -0.9121 -0.0558
vn -0.4075 -0.9115 -0.0553
vn -0.5081 -0.7497 0.4240
vn -0.5141 -0.7472 0.4212
vn -0.5168 -0.7491 0.4145
vn -0.4916 -0.3141 0.8122
vn -0.4935 -0.3158 0.8104
vn -0.4906 -0.3159 0.8121
vn -0.1516 -0.4822 0.8629
vn -0.1562 -0.4828 0.8617
vn -0.1523 -0.4858 0.8607
vn -0.7402 -0.5339 -0.4088
vn -0.7404 -0.5343 -0.4078
vn -0.7419 -0.5330 -0.4069
vn -0.8764 -0.4752 -0.0778
vn -0.8776 -0.4736 -0.0741
vn -0.8786 -0.4715 -0.0758
vn -0.7382 -0.4852 -0.4686
vn -0.7367 -0.4903 -0.4656
vn -0.7407 -0.4829 -0.4671
vn -0.7833 -0.6035 0.1489
vn -0.7842 -0.6022 0.1494
vn -0.7838 -0.6036 0.1462
vn -0.8842 -0.2380 0.4020
vn -0.8852 -0.2406 0.3982
vn -0.8822 -0.2461 0.4015
vn -0.1139 -0.4552 0.8831
vn -0.1220 -0.4583 0.8804
vn -0.1132 -0.4608 0.8802
vn -0.8966 -0.1524 0.4158
vn -0.8976 -0.1626 0.4096
vn -0.8904 -0.1547 0.4281
vn -0.7604 -0.3180 -0.5663
vn -0.7752 -0.3152 -0.5474
vn -0.7561 -0.3059 -0.5785
vn -0.0817 -0.8880 -0.4524
vn -0.0933 -0.8870 -0.4522
vn -0.0955 -0.8855 -0.4547
vn -0.4875 -0.6517 0.5811
vn -0.4889 -0.6498 0.5820
vn -0.4926 -0.6489 0.5799
vn -0.1427 0.6602 -0.7374
vn -0.1314 0.6737 -0.7273
vn -0.1245 0.6672 -0.7344
vn -0.2106 0.7102 -0.6718
vn -0.1936 0.7168 -0.6699
vn -0.1916 0.7072 -0.6806
vn -0.0121 0.9439 -0.3299
vn -0.0118 0.9440 -0.3298
vn -0.6042 0.7275 0.3252
vn -0.6014 0.7326 0.3186
vn -0.6060 0.7275 0.3218
vn -0.4283 0.8610 0.2743
vn -0.4294 0.8594 0.2776
vn -0.4257 0.8614 0.2772
vn -0.5497 0.4560 -0.6999
vn -0.5375 0.4578 -0.7082
vn -0.5499 0.4467 -0.7057
vn -0.7017 0.2029 -0.6829
vn -0.6998 0.2117 -0.6823
vn -0.6938 0.1970 -0.6927
vn -0.0206 0.4993 -0.8662
vn -0.0034 -0.0458 -0.9989
vn -0.0081 -0.0472 -0.9989
vn -0.0109 -0.0467 -0.9988
vn -0.4240 -0.1784 -0.8879
vn -0.4295 -0.1816 -0.8846
vn -0.4335 -0.1688 -0.8852
vn -0.8870 0.4470 0.1157
vn -0.8884 0.4460 0.1089
vn -0.8876 0.4455 0.1171
vn -0.9369 0.1204 0.3282
vn -0.9358 0.1211 0.3310
vn -0.9374 0.1231 0.3257
vn -0.9551 -0.2941 0.0353
vn -0.9552 -0.2941 0.0326
vn -0.9550 -0.2946 0.0336
vn -0.9247 -0.3308 0.1883
vn -0.9282 -0.3161 0.1963
vn -0.9268 -0.3310 0.1776
vn -0.9313 0.3644 -0.0012
vn -0.9313 0.3643 -0.0008
vn -0.9311 0.3649 -0.0005
vn -0.9521 -0.2765 -0.1304
vn -0.9496 -0.2860 -0.1280
vn -0.9526 -0.2805 -0.1178
vn -0.1693 -0.3196 0.9323
vn -0.1670 -0.3296 0.9292
vn -0.1632 -0.3182 0.9339
vn 0.2561 -0.3577 0.8980
vn 0.2538 -0.3556 0.8995
vn 0.2548 -0.3583 0.8982
vn 0.0376 -0.6394 0.7679
vn 0.0407 -0.6408 0.7666
vn 0.0414 -0.6401 0.7672
vn 0.5481 -0.6433 0.5346
vn 0.5564 -0.6372 0.5332
vn 0.5520 -0.6368 0.5383
vn 0.9293 -0.2726 0.2491
vn 0.9296 -0.2678 0.2531
vn 0.9272 -0.2752 0.2540
vn 0.8522 -0.3819 0.3577
vn 0.8497 -0.3882 0.3569
vn 0.8557 -0.3821 0.3491
vn 0.4572 -0.7604 -0.4613
vn 0.4433 -0.7763 -0.4481
vn 0.4468 -0.7592 -0.4733
vn 0.3669 -0.9121 -0.1830
vn 0.3688 -0.9111 -0.1839
vn 0.3687 -0.9113 -0.1832
vn 0.9048 -0.3938 -0.1621
vn 0.8960 -0.4162 -0.1546
vn 0.8973 -0.4055 -0.1745
vn 0.9175 -0.3773 0.1256
vn 0.9192 -0.3731 0.1258
vn 0.9152 -0.3812 0.1307
vn 0.9774 -0.1820 0.1080
vn 0.9765 -0.1853 0.1097
vn 0.9778 -0.1835 0.1008
vn 0.7181 -0.6924 0.0702
vn 0.7294 -0.6823 0.0494
vn 0.7326 -0.6771 0.0692
vn 0.0412 -0.9979 -0.0501
vn 0.0420 -0.9978 -0.0510
vn 0.0428 -0.9979 -0.0494
vn 0.7264 -0.6833 -0.0732
vn 0.7285 -0.6811 -0.0738
vn 0.7277 -0.6820 -0.0728
vn -0.0666 -0.2721 -0.9599
vn -0.0481 -0.2559 -0.9655
vn -0.0408 -0.2593 -0.9649
vn 0.1589 -0.6788 -0.7169
vn 0.1445 -0.7052 -0.6941
vn 0.1578 -0.6787 -0.7173
vn 0.3067 -0.6980 -0.6471
vn 0.3551 -0.7160 -0.6010
vn 0.2816 -0.7031 -0.6530
vn -0.0012 -0.6669 -0.7451
vn 0.0386 -0.6863 -0.7263
vn 0.0533 -0.7110 -0.7011
vn -0.5617 -0.5621 -0.6071
vn -0.5285 -0.5870 -0.6133
vn -0.5454 -0.5889 -0.5964
vn 0.5835 0.7763 0.2385
vn 0.5847 0.7758 0.2371
vn 0.5822 0.7781 0.2356
vn 0.5658 0.7967 0.2127
vn 0.5644 0.7951 0.2219
vn 0.5707 0.7886 0.2292
vn 0.4091 0.8812 0.2369
vn 0.4044 0.8800 0.2491
vn 0.4162 0.8770 0.2401
vn 0.0822 0.8006 0.5935
vn 0.0838 0.7993 0.5951
vn 0.0841 0.8011 0.5927
vn 0.0946 0.9631 0.2518
vn 0.0985 0.9627 0.2521
vn 0.0977 0.9637 0.2486
vn 0.4097 0.6043 0.6833
vn 0.4074 0.6016 0.6871
vn 0.4118 0.5975 0.6881
vn 0.1398 0.6822 0.7176
vn 0.1375 0.6818 0.7185
vn 0.2351 0.2795 0.9309
vn 0.2346 0.2793 0.9311
vn 0.2356 0.2783 0.9311
vn 0.6890 0.3321 0.6442
vn 0.6887 0.3397 0.6405
vn 0.6842 0.3389 0.6458
vn 0.6856 0.2785 0.6726
vn 0.6847 0.2783 0.6736
vn 0.6895 0.2747 0.6702
vn 0.7654 0.0824 0.6383
vn 0.7681 0.0839 0.6348
vn 0.7622 0.0883 0.6412
vn 0.7834 0.5587 0.2723
vn 0.7828 0.5598 0.2717
vn 0.7831 0.5587 0.2731
vn 0.4475 0.7730 -0.4496
vn 0.4454 0.7855 -0.4296
vn 0.4524 0.7719 -0.4466
vn 0.9583 0.2750 -0.0782
vn 0.9587 0.2702 -0.0890
vn 0.9571 0.2764 -0.0866
vn 0.9791 0.1402 0.1476
vn 0.9781 0.1439 0.1506
vn 0.9788 0.1402 0.1490
vn 0.5935 0.7936 0.1336
vn 0.5928 0.7942 0.1333
vn 0.5927 0.7940 0.1352
vn 0.6971 0.7147 0.0563
vn 0.6971 0.7147 0.0568
vn 0.8497 0.5184 0.0961
vn 0.8498 0.5184 0.0958
vn -0.0863 0.1184 -0.9892
vn -0.0986 0.1313 -0.9864
vn -0.0855 0.1201 -0.9891
vn -0.0302 0.1291 -0.9912
vn -0.0186 0.1006 -0.9947
vn -0.0357 0.0938 -0.9949
vn 0.1619 0.7397 -0.6532
vn 0.1611 0.7078 -0.6878
vn 0.1403 0.7178 -0.6820
vn -0.3282 0.6660 -0.6698
vn -0.3615 0.6337 -0.6840
vn -0.3499 0.6599 -0.6649
vn -0.2655 -0.4527 -0.8512
vn -0.2631 -0.4514 -0.8526
vn -0.5596 -0.0315 -0.8281
vn -0.5587 -0.0312 -0.8288
vn -0.5294 -0.3526 -0.7716
vn -0.5313 -0.3517 -0.7707
vn -0.5316 -0.3489 -0.7718
vn 0.6510 -0.4297 -0.6257
vn 0.6531 -0.4280 -0.6247
vn 0.6521 -0.4293 -0.6249
vn 0.8987 -0.1951 -0.3928
vn 0.8984 -0.1954 -0.3933
vn 0.8986 -0.1939 -0.3936
vn -0.0847 0.7651 -0.6383
vn -0.0857 0.7610 -0.6431
vn -0.0900 0.7633 -0.6397
vn 0.7897 0.2001 -0.5799
vn 0.7893 0.2025 -0.5797
vn 0.7898 0.2026 -0.5789
vn -0.1331 0.0471 -0.9900
vn 0.0334 0.0079 -0.9994
vn 0.1869 0.1975 -0.9623
vn -0.1008 -0.9872 -0.1234
vn -0.1042 -0.9868 -0.1237
vn -0.1042 -0.9867 -0.1248
vn 0.9064 -0.4223 0.0023
vn 0.9044 -0.4266 0.0055
vn 0.9042 -0.4272 0.0027
vn -0.1050 0.9857 -0.1320
vn -0.1063 0.9854 -0.1329
vn -0.1064 0.9857 -0.1307
vn 0.8803 0.4726 -0.0413
vn 0.8801 0.4730 -0.0408
vn 0.8806 0.4720 -0.0409
vn 0.0464 -0.6618 0.7482
vn 0.0432 -0.6609 0.7493
vn 0.0426 -0.6636 0.7469
vn 0.2409 -0.7791 0.5788
vn 0.2429 -0.7767 0.5811
vn 0.2391 -0.7777 0.5814
vn 0.5201 -0.8495 0.0892
vn 0.5125 -0.8559 0.0695
vn 0.5232 -0.8484 0.0801
vn 0.0368 -0.9391 -0.3416
vn 0.0373 -0.9391 -0.3415
vn 0.6042 -0.7903 -0.1013
vn 0.6030 -0.7921 -0.0954
vn 0.6015 -0.7921 -0.1041
vn 0.0611 -0.9954 0.0736
vn 0.0616 -0.9954 0.0737
vn 0.0619 -0.9953 0.0739
vn 0.1138 -0.8855 0.4504
vn 0.1142 -0.8848 0.4517
vn 0.1134 -0.8850 0.4515
vn 0.1848 -0.9455 0.2680
vn 0.1853 -0.9450 0.2696
vn 0.1842 -0.9450 0.2704
vn 0.4500 -0.6045 -0.6573
vn 0.4566 -0.6027 -0.6544
vn 0.4535 -0.6055 -0.6540
vn 0.8799 -0.4105 -0.2394
vn 0.8781 -0.4124 -0.2425
vn 0.8791 -0.4110 -0.2413
vn 0.8782 -0.3008 0.3718
vn 0.8773 -0.3003 0.3745
vn 0.8772 -0.3008 0.3742
vn 0.5802 -0.3988 0.7101
vn 0.5770 -0.3722 0.7271
vn 0.5461 -0.4025 0.7347
vn 0.2647 -0.5751 0.7741
vn 0.2605 -0.5759 0.7749
vn 0.2594 -0.5789 0.7730
vn 0.2443 -0.5284 0.8131
vn 0.2499 -0.5303 0.8102
vn 0.2502 -0.5247 0.8137
vn 0.8992 -0.2690 0.3451
vn 0.8905 -0.2740 0.3632
vn 0.8912 -0.2870 0.3512
vn 0.9081 -0.3574 -0.2182
vn 0.9072 -0.3508 -0.2322
vn 0.9128 -0.3418 -0.2233
vn 0.4848 -0.5497 -0.6803
vn 0.4997 -0.5453 -0.6731
vn 0.4833 -0.5541 -0.6778
vn 0.8140 -0.5785 0.0526
vn 0.8166 -0.5754 0.0454
vn 0.8174 -0.5731 0.0572
vn 0.1382 0.7157 -0.6846
vn 0.1558 0.7096 -0.6871
vn 0.1351 0.7080 -0.6932
vn 0.3386 0.9187 -0.2034
vn 0.3391 0.9181 -0.2049
vn 0.3366 0.9186 -0.2071
vn 0.3565 0.9343 -0.0078
vn 0.3562 0.9344 -0.0078
vn 0.3158 0.9488 0.0067
vn 0.5925 0.7385 0.3218
vn 0.5970 0.7337 0.3246
vn 0.5987 0.7338 0.3210
vn 0.0460 0.9570 0.2864
vn 0.0463 0.9570 0.2865
vn 0.0159 0.5755 -0.8177
vn 0.0156 0.5749 -0.8181
vn -0.0020 -0.0187 -0.9998
vn 0.0012 -0.0223 -0.9997
vn 0.0006 -0.0225 -0.9997
vn 0.0129 0.5629 0.8264
vn 0.0115 0.5642 0.8255
vn 0.6425 0.5147 0.5677
vn 0.6288 0.5112 0.5859
vn 0.6447 0.5070 0.5722
vn 0.9188 -0.3264 0.2220
vn 0.9158 -0.3404 0.2130
vn 0.9179 -0.3414 0.2024
vn 0.8576 -0.4273 0.2862
vn 0.8779 -0.3899 0.2781
vn 0.8560 -0.4146 0.3088
vn 0.9907 0.1357 0.0004
vn 0.9904 0.1379 0.0017
vn 0.9907 0.1359 0.0031
vn 0.9675 0.0009 -0.2529
vn 0.9655 0.0074 -0.2604
vn 0.9677 0.0018 -0.2520
vn 0.9416 -0.1919 -0.2767
vn 0.9317 -0.1926 -0.3079
vn 0.9476 -0.1823 -0.2624
vn 0.9220 -0.3595 -0.1436
vn 0.9222 -0.3529 -0.1581
vn 0.9341 -0.3313 -0.1330
vn 0.1319 -0.4121 -0.9015
vn 0.1049 -0.4262 -0.8985
vn 0.1016 -0.4036 -0.9093
vn 0.4656 -0.3402 0.8170
vn 0.4764 -0.3341 0.8133
vn 0.4563 -0.3063 0.8354
vn 0.1039 -0.8861 -0.4517
vn 0.0946 -0.8837 -0.4583
vn 0.1152 -0.8843 -0.4526
vn -0.1099 -0.5157 0.8497
vn -0.1072 -0.5171 0.8492
vn -0.1098 -0.5126 0.8516
vn -0.4391 -0.1845 0.8793
vn -0.4354 -0.1848 0.8811
vn -0.4404 -0.1790 0.8797
vn -0.8617 -0.2060 0.4637
vn -0.8596 -0.1992 0.4705
vn -0.8628 -0.1994 0.4645
vn -0.8658 -0.1986 0.4593
vn -0.9798 -0.1994 -0.0129
vn -0.9797 -0.2002 -0.0122
vn -0.9800 -0.1988 -0.0123
vn -0.9439 -0.1677 0.2845
vn -0.9455 -0.1669 0.2795
vn -0.9455 -0.1696 0.2779
vn -0.3209 -0.7832 -0.5326
vn -0.3186 -0.7830 -0.5342
vn -0.3045 -0.7947 -0.5251
vn -0.2956 -0.8117 -0.5037
vn -0.2974 -0.8123 -0.5017
vn -0.2968 -0.8112 -0.5038
vn -0.3694 -0.9136 -0.1702
vn -0.3709 -0.9127 -0.1715
vn -0.3705 -0.9127 -0.1722
vn -0.7150 -0.6287 -0.3057
vn -0.7163 -0.6296 -0.3010
vn -0.7290 -0.6248 -0.2795
vn -0.7357 -0.6726 0.0791
vn -0.7361 -0.6743 0.0593
vn -0.7329 -0.6764 0.0726
vn -0.1897 -0.9814 -0.0275
vn -0.1902 -0.9814 -0.0268
vn -0.1898 -0.9814 -0.0278
vn -0.5065 -0.8595 -0.0689
vn -0.5061 -0.8596 -0.0700
vn -0.1054 -0.5833 -0.8054
vn -0.1769 -0.6297 -0.7565
vn -0.1869 -0.5794 -0.7934
vn -0.3978 0.1186 0.9098
vn -0.3989 0.1181 0.9094
vn -0.3974 0.1164 0.9102
vn -0.3975 0.1187 0.9099
vn 0.4616 -0.1293 -0.8776
vn 0.4844 -0.1254 -0.8658
vn 0.4795 -0.1281 -0.8681
vn -0.3508 0.8534 0.3856
vn -0.3498 0.8558 0.3812
vn -0.3552 0.8517 0.3853
vn -0.2524 0.9361 0.2451
vn -0.2506 0.9367 0.2447
vn -0.2528 0.9368 0.2419
vn -0.3055 0.5232 0.7956
vn -0.3063 0.5252 0.7939
vn -0.3104 0.5226 0.7941
vn -0.1195 0.4697 0.8747
vn -0.1206 0.4724 0.8731
vn -0.1213 0.4715 0.8735
vn -0.9007 0.4066 -0.1529
vn -0.9002 0.3992 -0.1742
vn -0.9029 0.3882 -0.1843
vn -0.9018 0.3982 -0.1680
vn -0.0792 0.0360 0.9962
vn -0.0790 0.0363 0.9962
vn -0.6248 0.6378 0.4504
vn -0.6210 0.6366 0.4573
vn -0.6207 0.6386 0.4549
vn -0.7166 0.3106 0.6245
vn -0.7163 0.3177 0.6213
vn -0.7211 0.3159 0.6166
vn -0.6254 0.4872 0.6094
vn -0.6312 0.4882 0.6027
vn -0.6359 0.4764 0.6072
vn -0.4738 0.7335 -0.4872
vn -0.4738 0.7355 -0.4844
vn -0.4583 0.7413 -0.4903
vn -0.5405 0.8241 -0.1696
vn -0.5384 0.8255 -0.1693
vn -0.5421 0.8215 -0.1769
vn -0.6118 0.6566 -0.4411
vn -0.6198 0.6695 -0.4095
vn -0.6045 0.6782 -0.4179
vn -0.9472 0.2835 0.1497
vn -0.9471 0.2837 0.1501
vn -0.9471 0.2842 0.1492
vn -0.9984 0.0437 -0.0349
vn -0.9977 0.0478 -0.0479
vn -0.9977 0.0446 -0.0515
vn -0.6205 0.7732 0.1309
vn -0.6209 0.7730 0.1305
vn -0.6211 0.7727 0.1308
vn -0.6220 0.7722 0.1294
vn -0.9754 0.1688 0.1415
vn -0.9752 0.1689 0.1428
vn -0.9745 0.1731 0.1427
vn -0.7487 0.6478 0.1408
vn -0.7480 0.6485 0.1409
vn -0.7482 0.6487 0.1392
vn -0.7488 0.6478 0.1402
vn 0.1442 -0.9743 -0.1733
vn 0.1430 -0.9743 -0.1740
vn 0.1403 -0.9746 -0.1744
vn 0.1439 -0.9741 -0.1743
vn -0.9080 0.4126 0.0731
vn -0.9088 0.4109 0.0720
vn -0.6831 0.7299 -0.0238
vn -0.6838 0.7292 -0.0235
vn -0.6829 0.7301 -0.0219
vn -0.7283 0.6848 -0.0236
vn -0.7283 0.6848 -0.0240
vn -0.7289 0.6843 -0.0212
vn 0.0707 0.0343 -0.9969
vn 0.0796 -0.0073 -0.9968
vn 0.0627 0.0174 -0.9979
vn -0.8785 0.4770 -0.0276
vn -0.8787 0.4765 -0.0292
vn -0.8790 0.4760 -0.0285
vn 0.3438 0.5699 -0.7463
vn 0.3475 0.5716 -0.7433
vn 0.3521 0.5645 -0.7465
vn 0.4092 -0.5767 -0.7071
vn 0.4046 -0.5799 -0.7071
vn 0.4052 -0.5766 -0.7094
vn -0.2525 -0.4548 -0.8541
vn -0.2556 -0.4549 -0.8531
vn 0.5757 0.0638 -0.8152
vn 0.5765 0.0631 -0.8147
vn -0.2648 0.8399 -0.4737
vn -0.2623 0.8431 -0.4694
vn -0.2593 0.8407 -0.4754
vn -0.0191 -0.2565 -0.9664
vn 0.0061 0.0041 -1.0000
vn 0.9749 -0.1205 -0.1875
vn 0.9752 -0.1176 -0.1877
vn 0.9753 -0.1183 -0.1865
vn 0.9752 -0.1193 -0.1866
vn 0.8252 -0.5080 -0.2470
vn 0.8246 -0.5090 -0.2469
vn 0.8243 -0.5093 -0.2473
vn 0.8253 -0.5054 -0.2519
vn -0.6327 -0.7738 -0.0308
vn -0.6347 -0.7722 -0.0304
vn -0.6374 -0.7698 -0.0336
vn -0.6313 -0.7746 -0.0372
vn -0.2003 -0.9660 -0.1632
vn -0.2031 -0.9653 -0.1640
vn -0.2028 -0.9652 -0.1651
vn 0.4999 0.8332 -0.2364
vn 0.5008 0.8327 -0.2363
vn 0.5016 0.8321 -0.2364
vn 0.5006 0.8325 -0.2374
vn 0.8719 0.4408 -0.2134
vn 0.8719 0.4403 -0.2143
vn 0.8707 0.4438 -0.2118
vn -0.2976 0.9469 -0.1213
vn -0.2981 0.9472 -0.1181
vn -0.2971 0.9475 -0.1185
vn -0.2970 0.9473 -0.1203
vn -0.4199 -0.9053 0.0649
vn -0.4204 -0.9052 0.0615
vn -0.4097 -0.9102 0.0598
vn -0.4149 -0.9073 0.0690
vn -0.1126 -0.8300 0.5463
vn -0.1161 -0.8298 0.5459
vn -0.1145 -0.8307 0.5448
vn -0.4129 -0.7125 0.5673
vn -0.4078 -0.7178 0.5643
vn -0.4039 -0.7162 0.5691
vn -0.7231 -0.5706 0.3893
vn -0.7229 -0.5720 0.3877
vn -0.7173 -0.5773 0.3902
vn -0.7795 -0.6200 0.0894
vn -0.7769 -0.6195 0.1128
vn -0.8073 -0.5820 0.0977
vn -0.4911 -0.8661 0.0934
vn -0.4961 -0.8647 0.0784
vn -0.4851 -0.8722 0.0621
vn -0.9937 -0.0950 -0.0601
vn -0.9943 -0.0945 -0.0495
vn -0.9950 -0.0861 -0.0512
vn -0.9944 -0.0865 -0.0607
vn -0.4192 -0.8874 -0.1919
vn -0.4171 -0.8883 -0.1920
vn -0.4169 -0.8890 -0.1893
vn -0.2525 -0.9620 0.1042
vn -0.2517 -0.9622 0.1043
vn -0.2523 -0.9619 0.1056
vn -0.6598 -0.7298 0.1788
vn -0.6611 -0.7281 0.1812
vn -0.6621 -0.7276 0.1794
vn -0.1253 -0.8048 0.5801
vn -0.1261 -0.8049 0.5799
vn -0.1242 -0.8056 0.5793
vn -0.3163 -0.8607 0.3988
vn -0.3143 -0.8609 0.4001
vn -0.3178 -0.8596 0.4001
vn -0.5197 -0.3472 -0.7806
vn -0.5143 -0.3537 -0.7813
vn -0.5216 -0.3516 -0.7774
vn -0.2869 -0.6572 -0.6970
vn -0.2855 -0.6590 -0.6958
vn -0.2913 -0.6564 -0.6959
vn -0.1336 -0.4427 -0.8867
vn -0.1297 -0.4459 -0.8856
vn -0.1345 -0.4468 -0.8845
vn -0.1256 -0.5285 0.8396
vn -0.1290 -0.5280 0.8394
vn -0.1285 -0.5286 0.8391
vn -0.8114 0.0722 -0.5801
vn -0.8117 0.0693 -0.5800
vn -0.8137 0.0722 -0.5768
vn -0.6547 -0.3826 0.6520
vn -0.6523 -0.3834 0.6538
vn -0.6539 -0.3805 0.6539
vn -0.6568 -0.3780 0.6525
vn -0.3336 0.9427 -0.0091
vn -0.3333 0.9428 -0.0092
vn -0.8551 -0.3061 0.4185
vn -0.8556 -0.3060 0.4175
vn -0.8554 -0.3063 0.4178
vn -0.5511 -0.6947 -0.4622
vn -0.5554 -0.6905 -0.4635
vn -0.5333 -0.6999 -0.4750
vn -0.4753 -0.6187 -0.6255
vn -0.4750 -0.6237 -0.6209
vn -0.4927 -0.6233 -0.6072
vn -0.4221 -0.4635 0.7791
vn -0.4393 -0.4578 0.7729
vn -0.4382 -0.4640 0.7699
vn -0.1419 -0.3190 0.9371
vn -0.1410 -0.3149 0.9386
vn -0.1486 -0.3235 0.9345
vn -0.8245 -0.4863 -0.2892
vn -0.8262 -0.4831 -0.2900
vn -0.8210 -0.4838 -0.3032
vn -0.7159 -0.3918 0.5779
vn -0.7356 -0.3758 0.5636
vn -0.7374 -0.3989 0.5451
vn -0.9618 -0.2706 0.0424
vn -0.9567 -0.2851 0.0588
vn -0.9629 -0.2626 0.0616
vn -0.1361 -0.9551 -0.2632
vn -0.1369 -0.9553 -0.2620
vn -0.1385 -0.9550 -0.2622
vn -0.7701 -0.0979 0.6303
vn -0.7714 -0.0916 0.6297
vn -0.7861 -0.0920 0.6113
vn -0.9365 0.2217 0.2717
vn -0.9352 0.2308 0.2685
vn -0.9423 0.2211 0.2515
vn -0.9661 0.0796 -0.2455
vn -0.9656 0.0777 -0.2480
vn -0.9695 0.0815 -0.2313
vn -0.5785 0.7235 -0.3767
vn -0.5793 0.7249 -0.3728
vn -0.5766 0.7307 -0.3655
vn -0.3591 0.9029 -0.2360
vn -0.3573 0.9027 -0.2396
vn -0.3594 0.9026 -0.2371
vn -0.6829 0.1983 0.7031
vn -0.6957 0.1984 0.6904
vn -0.6868 0.1893 0.7017
vn -0.6850 0.1954 0.7019
vn -0.0170 0.9011 0.4332
vn -0.0045 1.0000 0.0058
vn -0.0047 0.6139 0.7893
vn -0.5970 0.4876 0.6371
vn -0.5969 0.4813 0.6420
vn -0.5792 0.4896 0.6518
vn 0.1287 -0.9751 -0.1809
vn 0.1287 -0.9752 -0.1798
vn 0.1270 -0.9754 -0.1804
vn 0.1276 -0.9751 -0.1813
vn -0.9016 0.4320 0.0218
vn -0.9020 0.4311 0.0225
vn -0.8471 -0.4506 0.2817
vn -0.8485 -0.4345 0.3020
vn -0.8680 -0.4237 0.2590
vn -0.8931 0.4118 -0.1809
vn -0.8955 0.4059 -0.1824
vn -0.8991 0.4031 -0.1709
vn -0.8999 0.1036 -0.4236
vn -0.9013 0.1218 -0.4157
vn -0.8991 0.1160 -0.4220
vn -0.9225 -0.3654 -0.1240
vn -0.9327 -0.3275 -0.1511
vn -0.9242 -0.3387 -0.1766
vn -0.2688 -0.4953 -0.8261
vn -0.2313 -0.4955 -0.8373
vn -0.2418 -0.5153 -0.8222
vn -0.0019 -0.2794 -0.9602
vn -0.0099 -0.2819 -0.9594
vn -0.0133 -0.2522 -0.9676
vn -0.0074 1.0000 0.0040
vn -0.9777 -0.2097 -0.0148
vn -0.9767 -0.2142 -0.0157
vn -0.9767 -0.2142 -0.0130
vn -0.6568 -0.1970 0.7278
vn -0.6597 -0.2335 0.7144
vn -0.6494 -0.2438 0.7204
vn -0.7370 -0.5595 -0.3792
vn -0.7122 -0.5702 -0.4093
vn -0.7119 -0.5906 -0.3799
vn -0.4155 -0.4435 -0.7942
vn -0.4565 -0.4284 -0.7798
vn -0.4488 -0.4059 -0.7961
vn 0.5133 -0.4377 0.7382
vn 0.5149 -0.4320 0.7404
vn 0.5077 -0.4329 0.7449
vn 0.3987 0.0010 0.9171
vn 0.3987 -0.0031 0.9171
vn 0.3998 -0.0030 0.9166
vn 0.2224 -0.2697 0.9369
vn 0.2229 -0.2686 0.9371
vn 0.2221 -0.2696 0.9370
vn 0.6914 -0.1319 0.7104
vn 0.6966 -0.1322 0.7052
vn 0.7004 -0.1246 0.7028
vn 0.7032 -0.1955 0.6836
vn 0.7089 -0.1944 0.6780
vn 0.7031 -0.1855 0.6864
vn 0.0987 -0.7644 -0.6372
vn 0.0967 -0.7652 -0.6364
vn 0.0957 -0.7651 -0.6367
vn 0.9794 0.1900 -0.0691
vn 0.9803 0.1822 -0.0764
vn 0.9792 0.1841 -0.0848
vn 0.9792 0.1866 -0.0800
vn 0.6820 -0.6433 -0.3478
vn 0.6763 -0.6389 -0.3665
vn 0.6833 -0.6302 -0.3686
vn 0.8509 -0.5111 -0.1214
vn 0.8437 -0.5188 -0.1382
vn 0.8477 -0.5117 -0.1399
vn 0.7816 -0.6075 -0.1417
vn 0.7827 -0.6032 -0.1534
vn 0.7838 -0.6022 -0.1518
vn 0.9921 -0.1211 -0.0328
vn 0.9919 -0.1186 -0.0464
vn 0.9921 -0.1155 -0.0488
vn 0.9360 -0.3350 0.1079
vn 0.9367 -0.3331 0.1082
vn 0.9363 -0.3295 0.1218
vn 0.4580 -0.8852 -0.0818
vn 0.4579 -0.8851 -0.0829
vn 0.1623 0.9371 0.3090
vn 0.1629 0.9374 0.3077
vn 0.1614 0.9380 0.3066
vn 0.2379 0.6071 0.7581
vn 0.2332 0.6092 0.7580
vn 0.2339 0.6031 0.7626
vn 0.3623 0.1748 0.9155
vn 0.3598 0.1741 0.9166
vn 0.3614 0.1707 0.9167
vn 0.0507 0.2400 0.9695
vn 0.0504 0.2399 0.9695
vn 0.0495 0.2390 0.9698
vn 0.9682 0.0007 0.2501
vn 0.9685 0.0028 0.2489
vn 0.9675 0.0019 0.2528
vn 0.4594 0.7524 -0.4721
vn 0.4660 0.7525 -0.4654
vn 0.4644 0.7503 -0.4704
vn 0.4721 0.8697 -0.1439
vn 0.4792 0.8650 -0.1485
vn 0.4783 0.8652 -0.1502
vn 0.5796 0.6842 -0.4427
vn 0.6067 0.6787 -0.4138
vn 0.5949 0.6661 -0.4500
vn 0.7466 0.5708 -0.3419
vn 0.7444 0.5744 -0.3406
vn 0.7483 0.5811 -0.3199
vn 0.8197 0.5363 -0.2013
vn 0.8069 0.5509 -0.2129
vn 0.8142 0.5460 -0.1976
vn -0.4193 0.6474 -0.6364
vn -0.4246 0.6447 -0.6357
vn -0.4231 0.6495 -0.6317
vn -0.4215 0.6491 -0.6333
vn 0.8935 0.4261 0.1414
vn 0.8934 0.4262 0.1418
vn 0.8941 0.4251 0.1409
vn 0.9888 0.0798 0.1263
vn 0.9890 0.0820 0.1228
vn 0.9880 0.0849 0.1290
vn 0.7295 0.6819 0.0531
vn 0.7295 0.6819 0.0534
vn 0.7298 0.6816 0.0537
vn 0.6646 0.7459 0.0446
vn 0.6639 0.7465 0.0452
vn 0.6638 0.7465 0.0456
vn -0.0038 0.6206 -0.7841
vn 0.0044 0.6202 -0.7845
vn 0.0017 0.6147 -0.7888
vn 0.1867 0.9712 -0.1479
vn 0.1870 0.9710 -0.1486
vn 0.1873 0.9708 -0.1499
vn -0.6259 0.1331 -0.7685
vn -0.6260 0.1388 -0.7674
vn -0.6249 0.1344 -0.7690
vn -0.5528 0.0708 -0.8303
vn -0.5740 0.0805 -0.8149
vn -0.5705 0.0807 -0.8173
vn -0.1787 -0.7181 -0.6726
vn -0.1845 -0.7194 -0.6697
vn -0.1829 -0.7165 -0.6732
vn 0.4579 -0.4067 -0.7905
vn 0.4578 -0.4052 -0.7913
vn 0.0498 -0.8165 -0.5753
vn 0.0517 -0.8158 -0.5760
vn 0.0530 -0.8182 -0.5724
vn -0.4754 -0.8540 -0.2112
vn -0.4747 -0.8533 -0.2155
vn -0.4702 -0.8565 -0.2131
vn -0.4746 -0.8544 -0.2118
vn -0.7297 0.4233 -0.5370
vn -0.7327 0.4174 -0.5375
vn -0.7326 0.4214 -0.5345
vn -0.6933 0.0528 -0.7187
vn -0.6930 0.0540 -0.7189
vn -0.6922 0.0509 -0.7199
vn 0.4498 0.2843 -0.8467
vn 0.4515 0.2837 -0.8460
vn 0.0044 0.0009 -1.0000
vn -0.8592 -0.4606 -0.2227
vn -0.8589 -0.4583 -0.2286
vn -0.8587 -0.4615 -0.2231
vn -0.8588 -0.4611 -0.2233
vn -0.9669 -0.0856 -0.2403
vn -0.9673 -0.0877 -0.2378
vn -0.9674 -0.0866 -0.2378
vn 0.5817 -0.8106 -0.0681
vn 0.5825 -0.8095 -0.0742
vn 0.5871 -0.8067 -0.0676
vn 0.5846 -0.8086 -0.0663
vn 0.9765 -0.2120 -0.0390
vn 0.9767 -0.2114 -0.0365
vn 0.9765 -0.2122 -0.0372
vn 0.2067 -0.9647 -0.1633
vn 0.2069 -0.9648 -0.1622
vn 0.2045 -0.9656 -0.1608
vn -0.5103 0.8330 -0.2137
vn -0.5095 0.8335 -0.2138
vn -0.5086 0.8340 -0.2139
vn -0.5096 0.8332 -0.2149
vn -0.8598 0.4555 -0.2307
vn -0.8580 0.4587 -0.2311
vn -0.8598 0.4552 -0.2316
vn 0.6477 0.7597 -0.0581
vn 0.6478 0.7596 -0.0588
vn 0.6491 0.7583 -0.0594
vn -0.9870 0.1037 -0.1229
vn -0.9871 0.0990 -0.1258
vn -0.9872 0.1014 -0.1230
vn 0.9817 0.1882 0.0278
vn 0.7618 -0.5437 0.3523
vn 0.7692 -0.5334 0.3520
vn 0.7632 -0.5394 0.3558
vn 0.7611 -0.5434 0.3542
vn 0.2544 0.9587 -0.1269
vn 0.2518 0.9589 -0.1305
vn 0.2523 0.9591 -0.1287
vn 0.5466 -0.6428 0.5368
vn 0.5502 -0.6439 0.5318
vn 0.5536 -0.6371 0.5363
vn 0.7884 -0.6078 0.0948
vn 0.7863 -0.6105 0.0946
vn 0.7866 -0.6108 0.0910
vn 0.7877 -0.6091 0.0921
vn 0.2638 -0.4357 0.8606
vn 0.2645 -0.4394 0.8585
vn 0.2684 -0.4362 0.8589
vn 0.2648 -0.4339 0.8612
vn 0.3899 -0.9192 0.0546
vn 0.3992 -0.9150 0.0584
vn 0.3973 -0.9155 0.0630
vn 0.4311 -0.9009 0.0506
vn 0.4276 -0.9025 0.0518
vn 0.4285 -0.9025 0.0434
vn 0.1042 -0.9945 -0.0092
vn 0.1027 -0.9947 -0.0075
vn 0.1025 -0.9947 -0.0083
vn 0.4563 -0.8409 -0.2909
vn 0.4588 -0.8394 -0.2912
vn 0.4599 -0.8395 -0.2895
vn 0.1210 -0.9752 -0.1852
vn 0.1218 -0.9747 -0.1875
vn 0.1224 -0.9749 -0.1862
vn 0.4680 -0.8521 0.2343
vn 0.4697 -0.8515 0.2330
vn 0.4698 -0.8508 0.2353
vn 0.3276 -0.4889 -0.8085
vn 0.3293 -0.4860 -0.8096
vn 0.3318 -0.4878 -0.8075
vn 0.7020 -0.3282 -0.6321
vn 0.6960 -0.3293 -0.6381
vn 0.7008 -0.3234 -0.6358
vn 0.0766 -0.6879 -0.7218
vn 0.0810 -0.6884 -0.7208
vn 0.0805 -0.6911 -0.7183
vn 0.5106 -0.4498 0.7328
vn 0.5111 -0.4482 0.7335
vn 0.5063 -0.4493 0.7361
vn 0.3930 -0.0820 -0.9159
vn 0.3867 -0.0781 -0.9189
vn 0.3886 -0.0749 -0.9184
vn 0.3953 -0.0684 -0.9160
vn 0.8757 -0.4536 -0.1654
vn 0.8764 -0.4532 -0.1630
vn 0.8758 -0.4540 -0.1637
vn 0.9545 -0.2980 -0.0124
vn 0.9534 -0.3014 -0.0165
vn 0.9553 -0.2953 -0.0162
vn 0.6374 -0.6004 0.4830
vn 0.6432 -0.5975 0.4787
vn 0.6359 -0.5978 0.4881
vn 0.8702 -0.3547 0.3419
vn 0.8705 -0.3535 0.3425
vn 0.8698 -0.3540 0.3437
vn 0.6171 0.1701 0.7683
vn 0.6168 0.1690 0.7687
vn 0.6187 0.1696 0.7671
vn 0.7005 -0.5212 -0.4875
vn 0.7144 -0.5038 -0.4856
vn 0.7063 -0.5288 -0.4706
vn 0.6330 -0.5934 0.4972
vn 0.6660 -0.5590 0.4939
vn 0.6450 -0.5679 0.5113
vn 0.8220 -0.1261 0.5553
vn 0.8234 -0.1315 0.5520
vn 0.8407 -0.1295 0.5258
vn 0.9897 -0.0412 0.1369
vn 0.9902 -0.0355 0.1350
vn 0.9866 -0.0366 0.1590
vn 0.4742 0.8686 -0.1436
vn 0.4736 0.8671 -0.1545
vn 0.4717 0.8711 -0.1365
vn 0.7918 -0.2004 -0.5770
vn 0.7761 -0.2143 -0.5931
vn 0.7777 -0.2082 -0.5931
vn 0.1006 -0.7376 -0.6677
vn 0.1128 -0.7331 -0.6707
vn 0.1122 -0.7359 -0.6677
vn 0.3528 -0.8818 -0.3128
vn 0.3586 -0.8793 -0.3135
vn 0.3551 -0.8851 -0.3009
vn 0.9306 -0.1124 -0.3485
vn 0.9273 -0.1163 -0.3558
vn 0.9284 -0.1103 -0.3549
vn 0.1130 0.6664 -0.7370
vn 0.0945 0.6722 -0.7343
vn 0.1034 0.6793 -0.7265
vn 0.5923 0.7133 -0.3746
vn 0.6014 0.7072 -0.3717
vn 0.6011 0.7056 -0.3753
vn 0.0060 0.9562 -0.2926
vn 0.3402 0.9167 0.2096
vn 0.3373 0.9173 0.2117
vn 0.3419 0.9154 0.2126
vn 0.5856 0.5091 -0.6307
vn 0.5927 0.5022 -0.6297
vn 0.5828 0.4985 -0.6417
vn 0.4578 0.4450 -0.7696
vn 0.4531 0.4547 -0.7668
vn 0.4545 0.4544 -0.7661
vn 0.0212 0.1646 0.9861
vn 0.0123 0.1704 0.9853
vn 0.0118 0.1634 0.9865
vn 0.0134 0.1647 0.9863
vn 0.7186 0.2573 0.6461
vn 0.7204 0.2560 0.6446
vn 0.7251 0.2509 0.6413
vn 0.7302 0.2589 0.6323
vn 0.9095 0.4156 -0.0083
vn 0.9090 0.4168 -0.0047
vn 0.9095 0.4155 -0.0076
vn 0.9740 -0.0544 0.2198
vn 0.9748 -0.0526 0.2167
vn 0.9734 -0.0533 0.2226
vn 0.9413 -0.3359 0.0329
vn 0.9409 -0.3367 0.0364
vn 0.9406 -0.3379 0.0324
vn 0.9179 -0.3458 -0.1947
vn 0.9042 -0.3577 -0.2333
vn 0.9228 -0.3185 -0.2167
vn 0.0244 -0.1416 0.9896
vn 0.0362 -0.1463 0.9886
vn 0.0293 -0.1358 0.9903
vn 0.0293 -0.1408 0.9896
vn 0.9797 0.2002 -0.0103
vn 0.9795 0.2011 -0.0140
vn 0.9794 0.2014 -0.0131
vn 0.9611 -0.2763 0.0064
vn 0.9615 -0.2749 0.0003
vn 0.9619 -0.2733 0.0044
vn 0.3680 -0.4444 -0.8168
vn 0.3895 -0.4166 -0.8214
vn 0.4196 -0.4276 -0.8007
vn 0.4055 -0.4464 -0.7977
vn 0.6659 -0.2937 0.6858
vn 0.6762 -0.2815 0.6809
vn 0.6859 -0.2468 0.6846
vn 0.7173 -0.5916 -0.3680
vn 0.7212 -0.5682 -0.3962
vn 0.7421 -0.5655 -0.3600
usemtl wire_177088027
s off
f 1/1/1 2/2/2 3/3/3
f 5/4/4 2/2/5 1/1/6
f 14/5/7 15/6/8 17/7/9
f 13/8/10 12/9/11 18/10/12
f 19/11/13 18/10/14 20/12/15
f 20/12/16 21/13/17 19/11/18
f 11/14/19 10/15/20 18/10/21
f 18/10/22 10/15/23 20/12/24
f 17/7/25 73/16/26 72/17/27
f 23/18/28 18/10/29 12/9/30
f 24/19/31 25/20/32 26/21/33
f 14/5/34 26/21/35 25/20/36
f 27/22/37 14/5/38 13/8/39
f 24/19/40 26/21/41 35/23/42
f 38/24/43 41/25/44 39/26/45
f 40/27/46 41/25/47 37/28/48
f 43/29/49 44/30/50 40/27/51
f 9/31/52 5/32/53 43/29/54
f 47/33/55 48/34/56 49/35/57
f 49/35/58 51/36/59 52/37/60
f 53/38/61 20/39/62 10/40/63
f 54/41/64 56/42/65 52/37/64
f 112/43/66 56/42/67 55/44/68
f 57/45/69 58/46/70 59/47/71
f 47/33/72 60/48/73 48/34/74
f 36/49/75 57/45/76 24/50/77
f 64/51/78 30/52/79 28/53/80
f 34/54/81 32/55/82 33/56/83
f 33/56/84 65/57/85 34/54/86
f 62/58/87 66/59/88 61/60/89
f 62/58/90 31/61/91 30/62/92
f 66/59/93 33/63/94 63/64/95
f 33/63/96 66/59/97 65/65/97
f 66/66/98 62/67/98 64/68/98
f 28/53/99 26/21/100 27/22/101
f 60/48/102 61/60/103 48/34/104
f 21/69/105 51/36/106 63/64/107
f 3/3/108 2/2/109 8/70/110
f 2/2/111 69/71/112 8/70/113
f 1/1/114 4/72/115 7/73/116 6/74/117
f 70/75/118 69/71/119 11/14/120
f 11/14/121 22/76/122 70/75/123
f 76/77/124 75/78/125 77/79/126
f 78/80/127 74/81/128 76/77/129
f 81/82/130 78/80/131 80/83/132
f 80/83/133 86/84/134 87/85/135
f 80/83/136 88/86/137 86/84/138
f 74/81/139 89/87/140 75/78/141
f 90/88/142 89/87/143 74/81/144
f 89/87/145 83/89/146 75/78/147
f 90/88/148 74/81/149 81/82/150
f 90/88/151 93/90/152 92/91/153
f 86/92/154 68/93/155 67/94/156
f 93/95/157 69/96/158 92/97/159
f 22/98/160 71/99/161 83/100/162
f 72/101/163 73/102/164 85/103/165
f 8/104/166 87/105/167 86/92/168
f 94/106/169 58/46/170 60/48/171
f 94/106/172 60/48/173 47/33/174
f 98/107/175 188/108/175 95/109/176
f 99/110/177 102/111/178 101/112/179
f 101/112/180 100/113/181 99/110/182
f 103/114/183 96/115/184 95/109/185
f 103/114/186 106/116/187 96/117/188
f 103/114/189 95/109/189 195/118/189
f 104/119/190 103/114/191 105/120/192
f 106/116/193 103/114/194 104/119/195
f 110/121/196 102/111/197 99/110/198
f 102/111/199 110/121/200 109/122/201
f 112/123/202 55/124/203 110/121/204
f 110/121/205 55/124/206 109/122/207
f 110/121/208 97/125/209 111/126/210
f 112/123/211 111/126/212 106/127/213
f 42/128/214 108/129/215 39/130/216
f 4/72/217 113/131/218 115/132/219
f 113/131/220 4/72/221 3/3/222
f 114/133/223 113/131/224 185/134/225
f 117/135/226 118/136/227 119/137/228
f 118/136/229 117/135/230 114/133/231
f 122/138/232 120/139/233 121/140/234
f 121/140/235 123/141/236 122/138/237
f 124/142/238 126/143/239 125/144/240
f 119/137/241 127/145/242 125/144/243
f 125/144/244 128/146/245 119/137/246
f 127/145/247 171/147/248 129/148/249
f 123/141/250 73/16/251 17/7/252
f 127/145/253 129/148/254 121/140/255
f 130/149/256 25/20/257 24/19/258
f 14/5/259 25/20/260 122/138/261
f 122/138/262 131/150/263 120/139/264
f 131/150/265 122/138/266 25/20/267
f 25/20/268 130/149/269 139/151/270
f 142/152/271 141/153/272 140/154/273
f 141/153/274 142/152/275 143/155/276
f 141/153/277 143/155/278 144/156/279
f 141/153/280 41/25/281 40/27/282
f 144/156/283 42/157/284 41/25/285
f 145/158/286 140/154/287 141/153/288
f 45/159/289 141/153/290 40/27/289
f 7/160/291 145/158/292 45/159/293
f 140/154/294 145/158/295 146/161/296
f 116/162/297 146/161/298 145/158/299
f 146/161/300 116/162/301 117/163/302
f 140/154/303 146/161/304 142/152/305
f 147/164/306 148/165/307 149/166/308
f 153/167/309 154/168/310 155/169/311
f 146/161/312 119/170/313 155/169/314
f 143/155/315 142/152/316 156/171/317
f 156/171/318 142/152/318 147/164/319
f 155/169/320 154/168/320 142/152/321
f 59/47/322 130/172/323 24/50/324
f 59/47/325 58/46/326 157/173/327
f 158/174/328 149/166/329 148/165/330
f 59/47/331 157/173/332 162/175/333
f 164/176/334 133/177/335 163/178/334
f 163/178/336 134/179/337 167/180/336
f 134/179/338 163/178/339 133/177/340
f 137/181/341 138/182/342 165/183/343
f 165/183/344 136/184/345 137/181/346
f 168/185/347 159/186/348 166/187/349
f 161/188/350 136/189/351 165/190/352
f 167/191/353 168/192/353 163/193/353
f 165/194/354 164/195/354 168/192/354
f 168/192/355 166/196/355 165/194/355
f 131/150/356 132/197/357 120/139/358
f 124/142/359 137/181/360 126/143/361
f 158/174/362 148/165/363 159/186/364
f 153/167/365 136/189/366 161/188/367
f 3/3/368 68/198/369 113/131/370
f 113/131/371 68/198/372 169/199/373
f 129/148/374 171/147/375 183/200/376
f 173/201/377 76/77/377 77/79/378
f 175/202/379 172/203/380 174/204/381
f 175/202/382 79/205/383 76/77/384
f 82/206/385 79/205/386 176/207/387
f 176/207/388 79/205/389 175/202/390
f 172/203/391 173/201/392 181/208/393
f 177/209/394 179/210/395 172/203/396
f 178/211/397 174/204/398 187/212/399
f 169/213/400 184/214/401 185/215/402
f 88/216/403 184/214/404 169/213/405
f 169/213/406 68/93/407 88/216/408
f 180/217/409 187/218/410 170/219/411
f 171/220/412 186/221/413 177/222/414
f 181/223/415 182/224/416 183/225/417
f 186/221/418 187/218/419 179/226/420
f 158/174/421 94/106/422 149/166/423
f 188/108/424 189/227/425 190/228/426
f 189/227/427 191/229/428 190/228/428
f 191/229/429 189/227/429 192/230/429
f 201/231/430 191/229/431 193/232/432
f 193/232/433 192/230/434 100/113/434
f 195/118/435 95/109/435 188/108/436
f 105/120/437 103/114/438 195/118/439
f 193/232/440 107/233/440 197/234/441
f 197/234/442 201/231/443 193/232/444
f 156/235/445 200/236/446 199/237/447
f 199/237/448 143/238/449 156/235/450
f 201/231/451 200/236/452 203/239/453
f 202/240/454 203/239/455 194/241/456
f 194/241/457 203/239/458 196/242/459
f 203/239/460 151/243/461 150/244/462
f 94/245/463 105/120/464 204/246/465
f 198/247/466 144/248/467 143/249/468
f 204/250/469 149/166/470 94/106/471
f 4/72/472 1/1/473 3/3/474
f 6/74/475 5/4/476 1/1/477
f 9/251/478 11/14/479 2/2/480 5/4/481
f 19/11/482 21/13/483 33/56/483 32/55/484
f 10/15/485 11/14/486 9/251/487
f 14/5/488 12/9/489 13/8/490
f 12/9/491 14/5/492 17/7/493
f 12/9/494 17/7/495 16/252/496
f 18/10/497 19/11/498 13/8/499
f 23/18/500 22/76/501 18/10/502
f 16/252/503 17/7/504 72/17/505
f 16/252/506 23/18/507 12/9/506
f 27/22/508 26/21/509 14/5/510
f 6/253/511 44/30/512 43/29/513 5/32/514
f 24/19/515 35/23/516 36/254/517
f 38/24/518 37/28/519 41/25/520
f 42/157/521 39/26/522 41/25/523
f 37/28/524 43/29/525 40/27/526
f 40/27/527 44/30/528 45/159/529
f 21/69/530 53/38/531 52/37/532 51/36/533
f 44/30/534 6/253/535 7/160/534
f 37/28/536 38/24/537 46/255/538
f 46/255/539 9/31/540 43/29/541
f 46/255/542 43/29/543 37/28/544
f 50/256/545 47/33/546 49/35/547
f 50/256/548 49/35/549 112/43/550
f 49/35/551 48/34/552 51/36/553
f 54/41/554 53/38/555 9/31/556 46/255/554
f 21/69/557 20/39/558 53/38/559
f 56/42/560 38/24/561 39/26/562 55/44/563
f 9/31/564 53/38/565 10/40/566
f 56/42/567 54/41/568 46/255/569 38/24/570
f 29/257/571 28/53/572 27/22/573 13/8/574
f 53/38/575 54/41/576 52/37/576
f 56/42/577 112/43/578 49/35/579
f 52/37/580 56/42/581 49/35/582
f 24/50/583 57/45/584 59/47/585
f 33/63/586 21/69/587 63/64/588
f 57/45/589 36/49/590 58/46/591
f 29/257/592 64/51/593 28/53/594
f 34/54/595 65/57/596 29/257/596
f 30/62/597 64/258/598 62/58/598
f 61/60/599 66/59/600 63/64/601
f 65/259/602 64/68/602 29/260/602
f 66/66/603 64/68/603 65/259/603
f 36/254/604 35/23/605 30/52/606 31/261/607
f 28/53/608 30/52/609 35/23/610 26/21/611
f 32/55/612 34/54/613 13/8/614 19/11/615
f 34/54/616 29/257/617 13/8/618
f 58/46/619 62/58/620 61/60/621 60/48/622
f 62/58/623 58/46/624 36/49/625 31/61/623
f 48/34/626 61/60/627 63/64/628 51/36/629
f 16/252/630 72/17/631 71/262/632 23/18/633
f 67/263/634 68/198/635 3/3/636
f 67/263/637 3/3/638 8/70/639
f 69/71/640 2/2/641 11/14/642
f 11/14/643 18/10/644 22/76/645
f 23/18/646 71/262/647 22/76/648
f 92/91/649 91/264/650 89/87/651 90/88/652
f 76/77/653 74/81/654 75/78/655
f 79/205/656 78/80/657 76/77/658
f 81/82/659 74/81/660 78/80/661
f 79/205/662 82/206/663 80/83/664
f 80/83/665 78/80/666 79/205/667
f 75/78/668 83/89/669 84/265/670
f 75/78/671 84/265/672 77/79/673
f 77/79/674 84/265/675 85/266/676
f 80/83/677 82/206/678 88/86/679
f 89/87/680 91/264/681 83/89/682
f 87/85/683 93/90/684 81/82/685 80/83/686
f 98/107/687 97/125/688 99/110/688 100/113/688
f 90/88/689 81/82/690 93/90/691
f 71/99/692 84/267/693 83/100/694
f 84/267/695 71/99/696 72/101/697
f 8/104/698 86/92/699 67/94/700
f 86/92/701 88/216/702 68/93/703
f 22/98/704 83/100/705 91/268/706
f 93/95/707 87/105/708 8/104/709
f 92/97/710 70/269/711 91/268/712
f 84/267/713 72/101/714 85/103/715
f 69/96/716 93/95/717 8/104/718
f 70/269/719 92/97/720 69/96/721
f 91/268/722 70/269/723 22/98/724
f 97/125/725 95/109/726 96/115/727
f 95/109/728 97/125/729 98/107/730
f 109/270/731 108/129/732 107/233/733 102/271/734
f 101/112/735 193/232/735 100/113/735
f 100/113/736 192/230/736 189/227/736
f 107/233/737 193/232/737 101/112/737
f 107/233/738 101/112/739 102/111/740
f 17/7/741 15/6/742 122/138/743 123/141/744
f 110/121/745 99/110/746 97/125/746
f 109/122/747 55/124/748 39/272/749
f 111/126/750 97/125/751 96/115/752
f 96/115/753 106/127/754 111/126/755
f 106/127/756 50/273/757 112/123/758
f 94/245/759 47/274/760 104/119/761
f 104/119/762 105/120/763 94/245/764
f 100/113/765 189/227/765 98/107/765
f 112/123/766 110/121/767 111/126/768
f 39/130/769 108/129/770 109/270/771
f 47/275/772 50/273/773 106/127/774
f 106/116/775 104/119/776 47/274/777
f 115/132/778 113/131/779 114/133/780
f 115/132/781 116/276/782 7/73/783
f 7/73/784 4/72/785 115/132/786
f 117/135/787 116/276/788 115/132/789
f 117/135/790 115/132/791 114/133/792
f 15/6/793 14/5/794 122/138/795
f 126/277/796 153/167/797 155/169/798 128/278/799
f 120/139/800 124/142/801 121/140/802
f 124/142/803 125/144/804 127/145/805
f 124/142/806 127/145/807 121/140/808
f 126/143/809 128/146/810 125/144/811
f 119/137/812 118/136/813 127/145/814
f 121/140/815 129/148/816 123/141/815
f 144/156/817 41/25/818 141/153/819
f 45/159/820 145/158/821 141/153/822
f 7/160/823 116/162/824 145/158/825
f 44/30/826 7/160/827 45/159/828
f 146/161/829 117/163/830 119/170/831
f 147/164/832 149/166/833 150/279/834
f 147/164/835 150/279/836 151/280/837
f 152/281/838 148/165/839 147/164/840
f 147/164/841 153/167/842 152/281/843
f 147/164/844 154/168/845 153/167/846
f 160/282/847 159/186/848 168/185/849 167/283/850
f 146/161/851 155/169/852 142/152/853
f 155/169/854 119/170/855 128/278/856
f 142/152/857 154/168/858 147/164/859
f 151/280/860 156/171/861 147/164/862
f 157/173/863 58/46/864 94/106/865
f 166/187/866 159/186/867 148/165/868
f 162/175/869 139/284/870 130/172/871
f 59/47/872 162/175/873 130/172/874
f 133/177/875 164/176/876 132/197/877
f 165/183/878 138/182/879 164/176/878
f 138/182/880 132/197/881 164/176/882
f 132/197/883 131/150/884 25/20/885 133/177/886
f 135/285/887 160/282/888 167/283/889
f 167/283/890 134/286/891 135/285/892
f 161/188/893 165/190/894 166/187/894
f 163/193/895 168/192/895 164/195/895
f 133/177/896 25/20/897 139/151/898 134/179/899
f 139/151/900 135/287/901 134/179/902
f 137/181/903 124/142/904 120/139/905 138/182/906
f 126/143/907 137/181/908 136/184/909
f 120/139/910 132/197/911 138/182/912
f 159/186/913 160/282/914 157/173/915 158/174/916
f 160/282/917 135/285/917 162/175/918 157/173/919
f 161/188/920 166/187/921 152/281/922 153/167/921
f 139/284/923 162/175/924 135/285/925
f 153/167/926 126/277/926 136/189/926
f 114/133/927 185/134/928 170/288/929 118/136/930
f 148/165/931 152/281/932 166/187/933
f 185/134/934 113/131/935 169/199/936
f 171/147/937 127/145/938 118/136/939 170/288/940
f 176/207/941 184/289/942 88/86/943 82/206/944
f 183/200/945 182/290/946 123/141/947
f 123/141/948 129/148/949 183/200/950
f 73/16/951 123/141/952 182/290/953
f 172/203/954 175/202/955 173/201/956
f 173/201/957 175/202/958 76/77/959
f 174/204/960 176/207/961 175/202/962
f 181/208/963 173/201/964 85/266/965
f 181/208/966 177/209/967 172/203/968
f 173/201/969 77/79/970 85/266/971
f 184/289/972 176/207/973 178/211/974
f 195/118/975 194/291/976 196/292/977 105/120/978
f 174/204/979 172/203/980 179/210/981
f 179/210/982 187/212/983 174/204/984
f 178/211/985 176/207/986 174/204/987
f 180/293/988 178/211/989 187/212/990
f 178/211/991 180/293/992 184/289/993
f 177/222/994 181/223/995 183/225/996
f 185/215/997 184/214/998 180/217/999
f 180/217/1000 170/219/1001 185/215/1002
f 170/219/1003 187/218/1004 186/221/1005
f 171/220/1006 170/219/1007 186/221/1008
f 183/225/1009 171/220/1010 177/222/1011
f 182/224/1012 85/294/1013 73/295/1014
f 181/223/1015 85/294/1016 182/224/1017
f 177/222/1018 186/221/1019 179/226/1020
f 94/106/1021 158/174/1022 157/173/1023
f 202/240/1024 188/108/1025 190/228/1026
f 188/108/1027 98/107/1027 189/227/1027
f 193/232/1028 191/229/1029 192/230/1030
f 194/291/1031 188/108/1032 202/240/1033
f 188/108/1034 194/291/1035 195/118/1036
f 108/129/1037 198/247/1038 197/234/1039 107/233/1040
f 199/296/1041 201/297/1042 197/234/1043 198/247/1044
f 201/231/1045 202/240/1046 190/228/1047 191/229/1047
f 201/231/1048 199/237/1049 200/236/1050
f 156/235/1051 151/243/1052 200/236/1053
f 196/242/1054 203/239/1055 150/244/1056
f 198/247/1057 108/129/1058 42/128/1059 144/248/1060
f 202/240/1061 201/231/1062 203/239/1063
f 203/239/1064 200/236/1065 151/243/1066
f 196/292/1067 149/298/1068 204/246/1069 105/120/1070
f 199/296/1071 198/247/1072 143/249/1073
f 196/242/1074 150/244/1075 149/299/1076
